red: 683.2681482143901 234.79374772083855
darkorange: 623.7021632475381 232.17003906081487
gold: 553.6023108679826 242.69802656560117
green: 551.0103066847622 166.90990298829115
deepskyblue: 380.22724435418337 158.18171317664917
blue: 274.36338402913185 188.40748698632143
violet: 359.894917512592 235.442714373349
pink: 414.29126957979895 251.5892241621305
lawngreen: 241.83323373620215 57.60391601918985
cyan: 171.9926845041279 98.05356901176674