red: 676.2101856006568 234.1737254393058
darkorange: 360.184157566363 236.33518674740756
gold: 550.8972614635336 165.9307495039151
green: 570.9507757397558 235.63165991887251
deepskyblue: 414.8654974329082 250.88450337924226
blue: 375.1033052566567 36.235630935014676
violet: 206.45846586760229 67.74050823564225
pink: 277.96433728494253 105.53024830705542
lawngreen: 376.2897324134897 171.79680909054804
cyan: 269.5754017606569 203.4877563614785
